9.999999999842441589e-01 5.613519570012339753e-06 0.000000000000000000e+00 -8.000000000000014211e+00 -5.613519570012339753e-06 9.999999999842441589e-01 0.000000000000000000e+00 4.999999999999960920e+00 0.000000000000000000e+00 0.000000000000000000e+00 1.000000000000000000e+00 0.000000000000000000e+00
9.972889440614041145e-01 -7.358506677913319305e-02 0.000000000000000000e+00 -8.009617509798996338e+00 7.358506677913319305e-02 9.972889440614041145e-01 0.000000000000000000e+00 4.603522392068157387e+00 0.000000000000000000e+00 0.000000000000000000e+00 1.000000000000000000e+00 0.000000000000000000e+00
9.887932119537637954e-01 -1.492916072462181221e-01 0.000000000000000000e+00 -7.986119213462270494e+00 1.492916072462181221e-01 9.887932119537637954e-01 0.000000000000000000e+00 4.208264759286119094e+00 0.000000000000000000e+00 0.000000000000000000e+00 1.000000000000000000e+00 0.000000000000000000e+00
9.611013982551001034e-01 -2.761957680198801057e-01 0.000000000000000000e+00 -7.893315976363101782e+00 2.761957680198801057e-01 9.611013982551001034e-01 0.000000000000000000e+00 3.878629806458210538e+00 0.000000000000000000e+00 0.000000000000000000e+00 1.000000000000000000e+00 0.000000000000000000e+00
9.270229051637205453e-01 -3.750047110394955641e-01 0.000000000000000000e+00 -7.743405866897096423e+00 3.750047110394955641e-01 9.270229051637205453e-01 0.000000000000000000e+00 3.561456169749987577e+00 0.000000000000000000e+00 0.000000000000000000e+00 1.000000000000000000e+00 0.000000000000000000e+00
8.541767503920719706e-01 -5.199827680699043997e-01 0.000000000000000000e+00 -7.568257006044012414e+00 5.199827680699043997e-01 8.541767503920719706e-01 0.000000000000000000e+00 3.098411746990402449e+00 0.000000000000000000e+00 0.000000000000000000e+00 1.000000000000000000e+00 0.000000000000000000e+00
8.738789463532875557e-01 -4.861435869375095864e-01 0.000000000000000000e+00 -7.155071256775539013e+00 4.861435869375095864e-01 8.738789463532875557e-01 0.000000000000000000e+00 2.722371613285533787e+00 0.000000000000000000e+00 0.000000000000000000e+00 1.000000000000000000e+00 0.000000000000000000e+00
8.644806491607472942e-01 -5.026660991419781288e-01 0.000000000000000000e+00 -6.899692517163495964e+00 5.026660991419781288e-01 8.644806491607472942e-01 0.000000000000000000e+00 2.320017505405460589e+00 0.000000000000000000e+00 0.000000000000000000e+00 1.000000000000000000e+00 0.000000000000000000e+00
7.783009333100975313e-01 -6.278914374385361485e-01 0.000000000000000000e+00 -6.636748115620884292e+00 6.278914374385361485e-01 7.783009333100975313e-01 0.000000000000000000e+00 1.984022127394548418e+00 0.000000000000000000e+00 0.000000000000000000e+00 1.000000000000000000e+00 0.000000000000000000e+00
7.091484418267072209e-01 -7.050592084745459509e-01 0.000000000000000000e+00 -6.345464068035826521e+00 7.050592084745459509e-01 7.091484418267072209e-01 0.000000000000000000e+00 1.581294588893299435e+00 0.000000000000000000e+00 0.000000000000000000e+00 1.000000000000000000e+00 0.000000000000000000e+00
6.725150679982794255e-01 -7.400834299693985763e-01 0.000000000000000000e+00 -5.947231007858226448e+00 7.400834299693985763e-01 6.725150679982794255e-01 0.000000000000000000e+00 1.342956396694812593e+00 0.000000000000000000e+00 0.000000000000000000e+00 1.000000000000000000e+00 0.000000000000000000e+00
7.649995473555338821e-01 -6.440308164566570515e-01 0.000000000000000000e+00 -5.703783241909497370e+00 6.440308164566570515e-01 7.649995473555338821e-01 0.000000000000000000e+00 1.025054695404896909e+00 0.000000000000000000e+00 0.000000000000000000e+00 1.000000000000000000e+00 0.000000000000000000e+00
7.393645961590378235e-01 -6.733052754483533908e-01 0.000000000000000000e+00 -5.361065166309229468e+00 6.733052754483533908e-01 7.393645961590378235e-01 0.000000000000000000e+00 7.554700255909964079e-01 0.000000000000000000e+00 0.000000000000000000e+00 1.000000000000000000e+00 0.000000000000000000e+00
6.952006012904846655e-01 -7.188157788789478753e-01 0.000000000000000000e+00 -5.095009623034345125e+00 7.188157788789478753e-01 6.952006012904846655e-01 0.000000000000000000e+00 2.293393334578532061e-01 0.000000000000000000e+00 0.000000000000000000e+00 1.000000000000000000e+00 0.000000000000000000e+00
5.458829020759572437e-01 -8.378614785399379761e-01 0.000000000000000000e+00 -4.760663647540147814e+00 8.378614785399379761e-01 5.458829020759572437e-01 0.000000000000000000e+00 1.120148901088451054e-01 0.000000000000000000e+00 0.000000000000000000e+00 1.000000000000000000e+00 0.000000000000000000e+00
5.416650318214252247e-01 -8.405944285455944076e-01 0.000000000000000000e+00 -4.350693670526821322e+00 8.405944285455944076e-01 5.416650318214252247e-01 0.000000000000000000e+00 -1.805502645230613878e-01 0.000000000000000000e+00 0.000000000000000000e+00 1.000000000000000000e+00 0.000000000000000000e+00
4.343631900580998129e-01 -9.007378193029040858e-01 0.000000000000000000e+00 -4.158469391978888652e+00 9.007378193029040858e-01 4.343631900580998129e-01 0.000000000000000000e+00 -4.163963263582208252e-01 0.000000000000000000e+00 0.000000000000000000e+00 1.000000000000000000e+00 0.000000000000000000e+00
4.098905321236567811e-01 -9.121347223274561822e-01 0.000000000000000000e+00 -3.572092267231866902e+00 9.121347223274561822e-01 4.098905321236567811e-01 0.000000000000000000e+00 -5.865116528041047772e-01 0.000000000000000000e+00 0.000000000000000000e+00 1.000000000000000000e+00 0.000000000000000000e+00
4.736173909681754002e-01 -8.807307005961008128e-01 0.000000000000000000e+00 -3.214183702785736063e+00 8.807307005961008128e-01 4.736173909681754002e-01 0.000000000000000000e+00 -8.837289385961039079e-01 0.000000000000000000e+00 0.000000000000000000e+00 1.000000000000000000e+00 0.000000000000000000e+00
4.636593223460294677e-01 -8.860135624253281383e-01 0.000000000000000000e+00 -2.855765616892179892e+00 8.860135624253281383e-01 4.636593223460294677e-01 0.000000000000000000e+00 -8.772008899769700996e-01 0.000000000000000000e+00 0.000000000000000000e+00 1.000000000000000000e+00 0.000000000000000000e+00
3.402096961607892767e-01 -9.403495959685330696e-01 0.000000000000000000e+00 -2.932693010806518341e+00 9.403495959685330696e-01 3.402096961607892767e-01 0.000000000000000000e+00 -1.000855362055041109e+00 0.000000000000000000e+00 0.000000000000000000e+00 1.000000000000000000e+00 0.000000000000000000e+00
2.280453690461172189e-01 -9.736505069359436826e-01 0.000000000000000000e+00 -2.639576408304461275e+00 9.736505069359436826e-01 2.280453690461172189e-01 0.000000000000000000e+00 -9.814267766748659971e-01 0.000000000000000000e+00 0.000000000000000000e+00 1.000000000000000000e+00 0.000000000000000000e+00
1.037255903879766017e-01 -9.946059530782357383e-01 0.000000000000000000e+00 -2.147946221046005189e+00 9.946059530782357383e-01 1.037255903879766017e-01 0.000000000000000000e+00 -9.742335427506675360e-01 0.000000000000000000e+00 0.000000000000000000e+00 1.000000000000000000e+00 0.000000000000000000e+00
-1.139707494292825918e-01 -9.934841056979862861e-01 0.000000000000000000e+00 -1.735640642822579016e+00 9.934841056979862861e-01 -1.139707494292825918e-01 0.000000000000000000e+00 -8.783008068860786999e-01 0.000000000000000000e+00 0.000000000000000000e+00 1.000000000000000000e+00 0.000000000000000000e+00
-2.737836934317260384e-01 -9.617912919188250642e-01 0.000000000000000000e+00 -1.302947078668659442e+00 9.617912919188250642e-01 -2.737836934317260384e-01 0.000000000000000000e+00 -7.962501970783055771e-01 0.000000000000000000e+00 0.000000000000000000e+00 1.000000000000000000e+00 0.000000000000000000e+00
-4.102943016057444270e-01 -9.119531709851412815e-01 0.000000000000000000e+00 -9.959704801307065480e-01 9.119531709851412815e-01 -4.102943016057444270e-01 0.000000000000000000e+00 -5.956079236640381414e-01 0.000000000000000000e+00 0.000000000000000000e+00 1.000000000000000000e+00 0.000000000000000000e+00
-5.594052695421360966e-01 -8.288942902496615472e-01 0.000000000000000000e+00 -8.284444621449046364e-01 8.288942902496615472e-01 -5.594052695421360966e-01 0.000000000000000000e+00 -3.444122136241279941e-01 0.000000000000000000e+00 0.000000000000000000e+00 1.000000000000000000e+00 0.000000000000000000e+00
-6.425763436649082339e-01 -7.662216667272191417e-01 0.000000000000000000e+00 -6.633431063289192409e-01 7.662216667272191417e-01 -6.425763436649082339e-01 0.000000000000000000e+00 -1.380538293245009984e-01 0.000000000000000000e+00 0.000000000000000000e+00 1.000000000000000000e+00 0.000000000000000000e+00
-7.963316793964821949e-01 -6.048601957391297468e-01 0.000000000000000000e+00 -4.112734645385992538e-01 6.048601957391297468e-01 -7.963316793964821949e-01 0.000000000000000000e+00 2.099547696163120147e-01 0.000000000000000000e+00 0.000000000000000000e+00 1.000000000000000000e+00 0.000000000000000000e+00
-8.947400348532920100e-01 -4.465873599092676227e-01 0.000000000000000000e+00 -9.159507409327381777e-02 4.465873599092676227e-01 -8.947400348532920100e-01 0.000000000000000000e+00 6.153100674306781759e-01 0.000000000000000000e+00 0.000000000000000000e+00 1.000000000000000000e+00 0.000000000000000000e+00
9.248449352570710102e-01 3.803443778069344750e-01 0.000000000000000000e+00 3.701643577902667681e-02 -3.803443778069344750e-01 9.248449352570710102e-01 0.000000000000000000e+00 9.337815792510464341e-01 0.000000000000000000e+00 0.000000000000000000e+00 1.000000000000000000e+00 0.000000000000000000e+00
9.578790280052090766e-01 2.871720176267106295e-01 0.000000000000000000e+00 1.574672691571561423e-01 -2.871720176267106295e-01 9.578790280052090766e-01 0.000000000000000000e+00 1.452703902172866712e+00 0.000000000000000000e+00 0.000000000000000000e+00 1.000000000000000000e+00 0.000000000000000000e+00
9.731387647635107996e-01 2.302193400098008769e-01 0.000000000000000000e+00 2.394186763972386278e-01 -2.302193400098008769e-01 9.731387647635107996e-01 0.000000000000000000e+00 1.852409456695551127e+00 0.000000000000000000e+00 0.000000000000000000e+00 1.000000000000000000e+00 0.000000000000000000e+00
9.999962796697480227e-01 2.727754875931497677e-03 0.000000000000000000e+00 3.752735126285617340e-01 -2.727754875931497677e-03 9.999962796697480227e-01 0.000000000000000000e+00 2.089557250794171761e+00 0.000000000000000000e+00 0.000000000000000000e+00 1.000000000000000000e+00 0.000000000000000000e+00
9.802835647827288224e-01 -1.975958820847881492e-01 0.000000000000000000e+00 1.593939892098263922e-01 1.975958820847881492e-01 9.802835647827288224e-01 0.000000000000000000e+00 2.528941840679702402e+00 0.000000000000000000e+00 0.000000000000000000e+00 1.000000000000000000e+00 0.000000000000000000e+00
9.379523701170262573e-01 -3.467641149136585499e-01 0.000000000000000000e+00 -5.745052752499501571e-03 3.467641149136585499e-01 9.379523701170262573e-01 0.000000000000000000e+00 2.988158832320868541e+00 0.000000000000000000e+00 0.000000000000000000e+00 1.000000000000000000e+00 0.000000000000000000e+00
8.657084688794388638e-01 -5.005485460076950499e-01 0.000000000000000000e+00 -2.733341589665247429e-01 5.005485460076950499e-01 8.657084688794388638e-01 0.000000000000000000e+00 3.277073870123631050e+00 0.000000000000000000e+00 0.000000000000000000e+00 1.000000000000000000e+00 0.000000000000000000e+00
7.711722434084306022e-01 -6.366265553653950304e-01 0.000000000000000000e+00 -4.177814761625924800e-01 6.366265553653950304e-01 7.711722434084306022e-01 0.000000000000000000e+00 3.721659199650662941e+00 0.000000000000000000e+00 0.000000000000000000e+00 1.000000000000000000e+00 0.000000000000000000e+00
7.644861611501627685e-01 -6.446401394653356043e-01 0.000000000000000000e+00 -5.955387495035422418e-01 6.446401394653356043e-01 7.644861611501627685e-01 0.000000000000000000e+00 4.118898838962262943e+00 0.000000000000000000e+00 0.000000000000000000e+00 1.000000000000000000e+00 0.000000000000000000e+00
7.482858388391139259e-01 -6.633764416926813956e-01 0.000000000000000000e+00 -9.276421468301309092e-01 6.633764416926813956e-01 7.482858388391139259e-01 0.000000000000000000e+00 4.577482870428767114e+00 0.000000000000000000e+00 0.000000000000000000e+00 1.000000000000000000e+00 0.000000000000000000e+00
-7.592716538150308114e-01 6.507738130203057914e-01 0.000000000000000000e+00 -8.394747812324775404e-01 -6.507738130203057914e-01 -7.592716538150308114e-01 0.000000000000000000e+00 4.436033330776620431e+00 0.000000000000000000e+00 0.000000000000000000e+00 1.000000000000000000e+00 0.000000000000000000e+00
6.339176211098829228e-01 -7.734005751526092931e-01 0.000000000000000000e+00 -1.412230374388683041e+00 7.734005751526092931e-01 6.339176211098829228e-01 0.000000000000000000e+00 4.896752060599975032e+00 0.000000000000000000e+00 0.000000000000000000e+00 1.000000000000000000e+00 0.000000000000000000e+00
4.767912208618544367e-01 -8.790165707818381469e-01 0.000000000000000000e+00 -1.793269093108505352e+00 8.790165707818381469e-01 4.767912208618544367e-01 0.000000000000000000e+00 5.121095250488887807e+00 0.000000000000000000e+00 0.000000000000000000e+00 1.000000000000000000e+00 0.000000000000000000e+00
3.834077068553665701e-01 -9.235791954802302639e-01 0.000000000000000000e+00 -2.227892265954943163e+00 9.235791954802302639e-01 3.834077068553665701e-01 0.000000000000000000e+00 5.474233664358093776e+00 0.000000000000000000e+00 0.000000000000000000e+00 1.000000000000000000e+00 0.000000000000000000e+00
2.770718849835753783e-01 -9.608491924082823710e-01 0.000000000000000000e+00 -2.690271360697304548e+00 9.608491924082823710e-01 2.770718849835753783e-01 0.000000000000000000e+00 5.760023208258377103e+00 0.000000000000000000e+00 0.000000000000000000e+00 1.000000000000000000e+00 0.000000000000000000e+00
2.140373368949393673e-01 -9.768254800192930354e-01 0.000000000000000000e+00 -3.174805808816602681e+00 9.768254800192930354e-01 2.140373368949393673e-01 0.000000000000000000e+00 5.813921011874333189e+00 0.000000000000000000e+00 0.000000000000000000e+00 1.000000000000000000e+00 0.000000000000000000e+00
1.827822576271652122e-01 -9.831534195112767716e-01 0.000000000000000000e+00 -3.558337503865626417e+00 9.831534195112767716e-01 1.827822576271652122e-01 0.000000000000000000e+00 5.856130301943169414e+00 0.000000000000000000e+00 0.000000000000000000e+00 1.000000000000000000e+00 0.000000000000000000e+00
5.673166136981128843e-02 -9.983894623834033144e-01 0.000000000000000000e+00 -4.068712587916272660e+00 9.983894623834033144e-01 5.673166136981128843e-02 0.000000000000000000e+00 6.168713652600671615e+00 0.000000000000000000e+00 0.000000000000000000e+00 1.000000000000000000e+00 0.000000000000000000e+00
-7.197033583044885885e-02 -9.974067729670038629e-01 0.000000000000000000e+00 -4.541411984546581238e+00 9.974067729670038629e-01 -7.197033583044885885e-02 0.000000000000000000e+00 6.149327665272873666e+00 0.000000000000000000e+00 0.000000000000000000e+00 1.000000000000000000e+00 0.000000000000000000e+00
-1.013070459494543329e-01 -9.948552067718171577e-01 0.000000000000000000e+00 -5.117420217395202364e+00 9.948552067718171577e-01 -1.013070459494543329e-01 0.000000000000000000e+00 6.143091494265577879e+00 0.000000000000000000e+00 0.000000000000000000e+00 1.000000000000000000e+00 0.000000000000000000e+00
-1.861600010551385520e-01 -9.825194420504618220e-01 0.000000000000000000e+00 -5.563211137651172145e+00 9.825194420504618220e-01 -1.861600010551385520e-01 0.000000000000000000e+00 6.188080545232693019e+00 0.000000000000000000e+00 0.000000000000000000e+00 1.000000000000000000e+00 0.000000000000000000e+00
-1.595160122444381212e-01 -9.871953412763009306e-01 0.000000000000000000e+00 -6.005031360408471741e+00 9.871953412763009306e-01 -1.595160122444381212e-01 0.000000000000000000e+00 6.026404576970256777e+00 0.000000000000000000e+00 0.000000000000000000e+00 1.000000000000000000e+00 0.000000000000000000e+00
-3.528006385989316818e-01 -9.356985141615786761e-01 0.000000000000000000e+00 -6.467728560712176389e+00 9.356985141615786761e-01 -3.528006385989316818e-01 0.000000000000000000e+00 6.001536892013557889e+00 0.000000000000000000e+00 0.000000000000000000e+00 1.000000000000000000e+00 0.000000000000000000e+00
-4.031169804151820135e-01 -9.151484579569293398e-01 0.000000000000000000e+00 -6.755725975857286514e+00 9.151484579569293398e-01 -4.031169804151820135e-01 0.000000000000000000e+00 6.029016268198370554e+00 0.000000000000000000e+00 0.000000000000000000e+00 1.000000000000000000e+00 0.000000000000000000e+00
-5.026158936387589149e-01 -8.645098400028259356e-01 0.000000000000000000e+00 -7.067847533482032318e+00 8.645098400028259356e-01 -5.026158936387589149e-01 0.000000000000000000e+00 5.783488926507550865e+00 0.000000000000000000e+00 0.000000000000000000e+00 1.000000000000000000e+00 0.000000000000000000e+00
-5.871468312042428250e-01 -8.094804497990154557e-01 0.000000000000000000e+00 -7.601934701275925299e+00 8.094804497990154557e-01 -5.871468312042428250e-01 0.000000000000000000e+00 5.708298602159460167e+00 0.000000000000000000e+00 0.000000000000000000e+00 1.000000000000000000e+00 0.000000000000000000e+00
-6.850286747849877456e-01 -7.285161046417049091e-01 0.000000000000000000e+00 -8.077610266823850083e+00 7.285161046417049091e-01 -6.850286747849877456e-01 0.000000000000000000e+00 5.389658958553448898e+00 0.000000000000000000e+00 0.000000000000000000e+00 1.000000000000000000e+00 0.000000000000000000e+00
-7.468277154837745790e-01 -6.650175662230932705e-01 0.000000000000000000e+00 -8.295630036754229053e+00 6.650175662230932705e-01 -7.468277154837745790e-01 0.000000000000000000e+00 5.077075051055292221e+00 0.000000000000000000e+00 0.000000000000000000e+00 1.000000000000000000e+00 0.000000000000000000e+00
-9.502770277752013994e-01 -3.114057971244742484e-01 0.000000000000000000e+00 -8.629877542951676972e+00 3.114057971244742484e-01 -9.502770277752013994e-01 0.000000000000000000e+00 4.669270933594327211e+00 0.000000000000000000e+00 0.000000000000000000e+00 1.000000000000000000e+00 0.000000000000000000e+00
-9.773282529283163766e-01 -2.117297476220215413e-01 0.000000000000000000e+00 -8.774152084058194134e+00 2.117297476220215413e-01 -9.773282529283163766e-01 0.000000000000000000e+00 4.318507482201418668e+00 0.000000000000000000e+00 0.000000000000000000e+00 1.000000000000000000e+00 0.000000000000000000e+00
1.456667211914727533e-01 -9.893337183869382878e-01 0.000000000000000000e+00 -8.668337898116766027e+00 9.893337183869382878e-01 1.456667211914727533e-01 0.000000000000000000e+00 4.411279317952772061e+00 0.000000000000000000e+00 0.000000000000000000e+00 1.000000000000000000e+00 0.000000000000000000e+00
-9.685910318917946293e-01 2.486592305521523882e-01 0.000000000000000000e+00 -8.583257770670170927e+00 -2.486592305521523882e-01 -9.685910318917946293e-01 0.000000000000000000e+00 4.028210492612613436e+00 0.000000000000000000e+00 0.000000000000000000e+00 1.000000000000000000e+00 0.000000000000000000e+00
-8.389628110134037531e-01 5.441887556137924298e-01 0.000000000000000000e+00 -8.510212297307791829e+00 -5.441887556137924298e-01 -8.389628110134037531e-01 0.000000000000000000e+00 3.676526142070403402e+00 0.000000000000000000e+00 0.000000000000000000e+00 1.000000000000000000e+00 0.000000000000000000e+00
-6.374908007424737733e-01 7.704579670356583865e-01 0.000000000000000000e+00 -8.231139131227788397e+00 -7.704579670356583865e-01 -6.374908007424737733e-01 0.000000000000000000e+00 3.267207800410277585e+00 0.000000000000000000e+00 0.000000000000000000e+00 1.000000000000000000e+00 0.000000000000000000e+00
-3.117749526990933329e-01 9.501559760741802307e-01 0.000000000000000000e+00 -7.787400524942870383e+00 -9.501559760741802307e-01 -3.117749526990933329e-01 0.000000000000000000e+00 3.074216048098062704e+00 0.000000000000000000e+00 0.000000000000000000e+00 1.000000000000000000e+00 0.000000000000000000e+00
-2.527236984369317374e-02 9.996806026539094558e-01 0.000000000000000000e+00 -7.296235231374863517e+00 -9.996806026539094558e-01 -2.527236984369317374e-02 0.000000000000000000e+00 3.160350537170672158e+00 0.000000000000000000e+00 0.000000000000000000e+00 1.000000000000000000e+00 0.000000000000000000e+00
1.498815272502982410e-01 9.887039636762452455e-01 0.000000000000000000e+00 -6.660156487899181244e+00 -9.887039636762452455e-01 1.498815272502982410e-01 0.000000000000000000e+00 3.183607838091483178e+00 0.000000000000000000e+00 0.000000000000000000e+00 1.000000000000000000e+00 0.000000000000000000e+00
3.845462152283524726e-01 9.231057406134736132e-01 0.000000000000000000e+00 -6.151823182407306412e+00 -9.231057406134736132e-01 3.845462152283524726e-01 0.000000000000000000e+00 3.359794126402431136e+00 0.000000000000000000e+00 0.000000000000000000e+00 1.000000000000000000e+00 0.000000000000000000e+00
6.679281841310538148e-01 7.442257324517831396e-01 0.000000000000000000e+00 -5.989985823193975989e+00 -7.442257324517831396e-01 6.679281841310538148e-01 0.000000000000000000e+00 3.679350865140661231e+00 0.000000000000000000e+00 0.000000000000000000e+00 1.000000000000000000e+00 0.000000000000000000e+00
8.836079868595778652e-01 4.682274293096934659e-01 0.000000000000000000e+00 -5.806887152779507844e+00 -4.682274293096934659e-01 8.836079868595778652e-01 0.000000000000000000e+00 4.135840682701389603e+00 0.000000000000000000e+00 0.000000000000000000e+00 1.000000000000000000e+00 0.000000000000000000e+00
-9.933224059073939571e-01 -1.153715646177449483e-01 0.000000000000000000e+00 -5.604608213900445612e+00 1.153715646177449483e-01 -9.933224059073939571e-01 0.000000000000000000e+00 4.553639972525755475e+00 0.000000000000000000e+00 0.000000000000000000e+00 1.000000000000000000e+00 0.000000000000000000e+00
-9.909895451050765303e-01 1.339392455273416827e-01 0.000000000000000000e+00 -5.743569010918864848e+00 -1.339392455273416827e-01 -9.909895451050765303e-01 0.000000000000000000e+00 5.244248148919418817e+00 0.000000000000000000e+00 0.000000000000000000e+00 1.000000000000000000e+00 0.000000000000000000e+00
-8.821366347468293512e-01 4.709935855588045506e-01 0.000000000000000000e+00 -5.985928170790718816e+00 -4.709935855588045506e-01 -8.821366347468293512e-01 0.000000000000000000e+00 5.647497401601637712e+00 0.000000000000000000e+00 0.000000000000000000e+00 1.000000000000000000e+00 0.000000000000000000e+00
-7.119105455621289602e-01 7.022701582136549048e-01 0.000000000000000000e+00 -6.145098372400181752e+00 -7.022701582136549048e-01 -7.119105455621289602e-01 0.000000000000000000e+00 6.151895617395819471e+00 0.000000000000000000e+00 0.000000000000000000e+00 1.000000000000000000e+00 0.000000000000000000e+00
-4.822931282754118754e-01 8.760098963015869877e-01 0.000000000000000000e+00 -6.470781989807771417e+00 -8.760098963015869877e-01 -4.822931282754118754e-01 0.000000000000000000e+00 6.363021754697675725e+00 0.000000000000000000e+00 0.000000000000000000e+00 1.000000000000000000e+00 0.000000000000000000e+00
-1.114834005848373832e-01 9.937662961652707905e-01 0.000000000000000000e+00 -6.980758353601633992e+00 -9.937662961652707905e-01 -1.114834005848373832e-01 0.000000000000000000e+00 6.552920456829482099e+00 0.000000000000000000e+00 0.000000000000000000e+00 1.000000000000000000e+00 0.000000000000000000e+00
1.704095387063884748e-01 9.853733247444218524e-01 0.000000000000000000e+00 -7.362490730590764088e+00 -9.853733247444218524e-01 1.704095387063884748e-01 0.000000000000000000e+00 6.649984995524783393e+00 0.000000000000000000e+00 0.000000000000000000e+00 1.000000000000000000e+00 0.000000000000000000e+00
6.708694604043022869e-01 7.415754628470659915e-01 0.000000000000000000e+00 -7.769486218493922181e+00 -7.415754628470659915e-01 6.708694604043022869e-01 0.000000000000000000e+00 6.502518660416455987e+00 0.000000000000000000e+00 0.000000000000000000e+00 1.000000000000000000e+00 0.000000000000000000e+00
8.683499346044931677e-01 4.959520048072922349e-01 0.000000000000000000e+00 -8.106983662280551783e+00 -4.959520048072922349e-01 8.683499346044931677e-01 0.000000000000000000e+00 6.271106920707754107e+00 0.000000000000000000e+00 0.000000000000000000e+00 1.000000000000000000e+00 0.000000000000000000e+00
9.506423411393710721e-01 3.102887997222193994e-01 0.000000000000000000e+00 -8.200688783949622973e+00 -3.102887997222193994e-01 9.506423411393710721e-01 0.000000000000000000e+00 5.916063309891232969e+00 0.000000000000000000e+00 0.000000000000000000e+00 1.000000000000000000e+00 0.000000000000000000e+00
9.998426919456641082e-01 1.773672356575091424e-02 0.000000000000000000e+00 -8.197590921225369698e+00 -1.773672356575091424e-02 9.998426919456641082e-01 0.000000000000000000e+00 5.936620524677235444e+00 0.000000000000000000e+00 0.000000000000000000e+00 1.000000000000000000e+00 0.000000000000000000e+00
9.992071686574597322e-01 3.981248677918478029e-02 0.000000000000000000e+00 -8.230277485362240242e+00 -3.981248677918478029e-02 9.992071686574597322e-01 0.000000000000000000e+00 5.424756248262225355e+00 0.000000000000000000e+00 0.000000000000000000e+00 1.000000000000000000e+00 0.000000000000000000e+00
9.927408974976302813e-01 -1.202726504056496892e-01 0.000000000000000000e+00 -8.304655810704257846e+00 1.202726504056496892e-01 9.927408974976302813e-01 0.000000000000000000e+00 4.904551446737922760e+00 0.000000000000000000e+00 0.000000000000000000e+00 1.000000000000000000e+00 0.000000000000000000e+00
9.560767931801783526e-01 -2.931163003695061442e-01 0.000000000000000000e+00 -8.210298211499317489e+00 2.931163003695061442e-01 9.560767931801783526e-01 0.000000000000000000e+00 4.398823985998119745e+00 0.000000000000000000e+00 0.000000000000000000e+00 1.000000000000000000e+00 0.000000000000000000e+00
9.148421197870915123e-01 -4.038117084279019275e-01 0.000000000000000000e+00 -8.104444649916745291e+00 4.038117084279019275e-01 9.148421197870915123e-01 0.000000000000000000e+00 3.999487950175656614e+00 0.000000000000000000e+00 0.000000000000000000e+00 1.000000000000000000e+00 0.000000000000000000e+00
8.528969223382280029e-01 -5.220793425007148603e-01 0.000000000000000000e+00 -7.857398582144797139e+00 5.220793425007148603e-01 8.528969223382280029e-01 0.000000000000000000e+00 3.467383803531145947e+00 0.000000000000000000e+00 0.000000000000000000e+00 1.000000000000000000e+00 0.000000000000000000e+00
8.746782900774133784e-01 -4.847039187661393855e-01 0.000000000000000000e+00 -7.525123430947308734e+00 4.847039187661393855e-01 8.746782900774133784e-01 0.000000000000000000e+00 2.936341956144128407e+00 0.000000000000000000e+00 0.000000000000000000e+00 1.000000000000000000e+00 0.000000000000000000e+00
8.417109397085899003e-01 -5.399284156023671510e-01 0.000000000000000000e+00 -7.121720755030927386e+00 5.399284156023671510e-01 8.417109397085899003e-01 0.000000000000000000e+00 2.356958104182889979e+00 0.000000000000000000e+00 0.000000000000000000e+00 1.000000000000000000e+00 0.000000000000000000e+00
7.802859429768261856e-01 -6.254229346552340196e-01 0.000000000000000000e+00 -6.873548278526471655e+00 6.254229346552340196e-01 7.802859429768261856e-01 0.000000000000000000e+00 1.995733012245978433e+00 0.000000000000000000e+00 0.000000000000000000e+00 1.000000000000000000e+00 0.000000000000000000e+00
6.473884674655339122e-01 -7.621602011340051774e-01 0.000000000000000000e+00 -6.506899713159262966e+00 7.621602011340051774e-01 6.473884674655339122e-01 0.000000000000000000e+00 1.567855547086914880e+00 0.000000000000000000e+00 0.000000000000000000e+00 1.000000000000000000e+00 0.000000000000000000e+00
6.831596062997890018e-01 -7.302690958272280985e-01 0.000000000000000000e+00 -6.043030302672890208e+00 7.302690958272280985e-01 6.831596062997890018e-01 0.000000000000000000e+00 1.143840227980379876e+00 0.000000000000000000e+00 0.000000000000000000e+00 1.000000000000000000e+00 0.000000000000000000e+00
7.421745856506531958e-01 -6.702065983070304434e-01 0.000000000000000000e+00 -5.669777933139763526e+00 6.702065983070304434e-01 7.421745856506531958e-01 0.000000000000000000e+00 8.832493464291805152e-01 0.000000000000000000e+00 0.000000000000000000e+00 1.000000000000000000e+00 0.000000000000000000e+00
7.275077066173601947e-01 -6.860995094097860347e-01 0.000000000000000000e+00 -5.333885570561966105e+00 6.860995094097860347e-01 7.275077066173601947e-01 0.000000000000000000e+00 4.351354102978975402e-01 0.000000000000000000e+00 0.000000000000000000e+00 1.000000000000000000e+00 0.000000000000000000e+00
6.232643218250094597e-01 -7.820112436148287660e-01 0.000000000000000000e+00 -5.003237517746520702e+00 7.820112436148287660e-01 6.232643218250094597e-01 0.000000000000000000e+00 1.479272931050401030e-01 0.000000000000000000e+00 0.000000000000000000e+00 1.000000000000000000e+00 0.000000000000000000e+00
5.511068363493757394e-01 -8.344346918297335103e-01 0.000000000000000000e+00 -4.513185455847419369e+00 8.344346918297335103e-01 5.511068363493757394e-01 0.000000000000000000e+00 -2.655875825666316747e-01 0.000000000000000000e+00 0.000000000000000000e+00 1.000000000000000000e+00 0.000000000000000000e+00
3.550850112730523089e-01 -9.348340145551060631e-01 0.000000000000000000e+00 -4.182872025024059859e+00 9.348340145551060631e-01 3.550850112730523089e-01 0.000000000000000000e+00 -7.204711150681055720e-01 0.000000000000000000e+00 0.000000000000000000e+00 1.000000000000000000e+00 0.000000000000000000e+00
4.151559921369930017e-01 -9.097502416557793348e-01 0.000000000000000000e+00 -3.664536095500989799e+00 9.097502416557793348e-01 4.151559921369930017e-01 0.000000000000000000e+00 -8.890371704692846544e-01 0.000000000000000000e+00 0.000000000000000000e+00 1.000000000000000000e+00 0.000000000000000000e+00
5.630302100756143791e-01 -8.264363148738137488e-01 0.000000000000000000e+00 -3.151893993337535171e+00 8.264363148738137488e-01 5.630302100756143791e-01 0.000000000000000000e+00 -1.087490628585320973e+00 0.000000000000000000e+00 0.000000000000000000e+00 1.000000000000000000e+00 0.000000000000000000e+00
4.693104466774818961e-01 -8.830332409594683352e-01 0.000000000000000000e+00 -2.560779181871689847e+00 8.830332409594683352e-01 4.693104466774818961e-01 0.000000000000000000e+00 -1.461587028987034742e+00 0.000000000000000000e+00 0.000000000000000000e+00 1.000000000000000000e+00 0.000000000000000000e+00
4.458462428670725286e-01 -8.951095618533606579e-01 0.000000000000000000e+00 -2.093908390742303283e+00 8.951095618533606579e-01 4.458462428670725286e-01 0.000000000000000000e+00 -1.487167734041907163e+00 0.000000000000000000e+00 0.000000000000000000e+00 1.000000000000000000e+00 0.000000000000000000e+00
3.336387650160774765e-01 -9.427009995107391571e-01 0.000000000000000000e+00 -2.115803396542872417e+00 9.427009995107391571e-01 3.336387650160774765e-01 0.000000000000000000e+00 -1.543480218648855429e+00 0.000000000000000000e+00 0.000000000000000000e+00 1.000000000000000000e+00 0.000000000000000000e+00
2.548757776733867608e-01 -9.669738041722673039e-01 0.000000000000000000e+00 -1.639505278445648306e+00 9.669738041722673039e-01 2.548757776733867608e-01 0.000000000000000000e+00 -1.618355125416848894e+00 0.000000000000000000e+00 0.000000000000000000e+00 1.000000000000000000e+00 0.000000000000000000e+00
1.199535572253304927e-01 -9.927795042752390886e-01 0.000000000000000000e+00 -1.246663968313405091e+00 9.927795042752390886e-01 1.199535572253304927e-01 0.000000000000000000e+00 -1.485473744450982458e+00 0.000000000000000000e+00 0.000000000000000000e+00 1.000000000000000000e+00 0.000000000000000000e+00
-6.484709415699328738e-02 -9.978952121236949191e-01 0.000000000000000000e+00 -8.094136731766393700e-01 9.978952121236949191e-01 -6.484709415699328738e-02 0.000000000000000000e+00 -1.347129184335617014e+00 0.000000000000000000e+00 0.000000000000000000e+00 1.000000000000000000e+00 0.000000000000000000e+00
-2.714137357685886820e-01 -9.624627702078344393e-01 0.000000000000000000e+00 -3.228547702819687948e-01 9.624627702078344393e-01 -2.714137357685886820e-01 0.000000000000000000e+00 -1.277704761248436238e+00 0.000000000000000000e+00 0.000000000000000000e+00 1.000000000000000000e+00 0.000000000000000000e+00
-4.233753423494154844e-01 -9.059543694306657624e-01 0.000000000000000000e+00 -8.872103054592518634e-02 9.059543694306657624e-01 -4.233753423494154844e-01 0.000000000000000000e+00 -1.008894875636167088e+00 0.000000000000000000e+00 0.000000000000000000e+00 1.000000000000000000e+00 0.000000000000000000e+00
-5.465365909813211243e-01 -8.374352241926035223e-01 0.000000000000000000e+00 1.903223248925217936e-01 8.374352241926035223e-01 -5.465365909813211243e-01 0.000000000000000000e+00 -7.699465400846645657e-01 0.000000000000000000e+00 0.000000000000000000e+00 1.000000000000000000e+00 0.000000000000000000e+00
-6.833654448977583007e-01 -7.300764814180010776e-01 0.000000000000000000e+00 4.440477257998571847e-01 7.300764814180010776e-01 -6.833654448977583007e-01 0.000000000000000000e+00 -5.973965635468253543e-01 0.000000000000000000e+00 0.000000000000000000e+00 1.000000000000000000e+00 0.000000000000000000e+00
-8.061581592159183796e-01 -5.917001118215222677e-01 0.000000000000000000e+00 6.761279525031088644e-01 5.917001118215222677e-01 -8.061581592159183796e-01 0.000000000000000000e+00 -2.075076952537212027e-01 0.000000000000000000e+00 0.000000000000000000e+00 1.000000000000000000e+00 0.000000000000000000e+00
-8.668182519776361783e-01 -4.986242252823616106e-01 0.000000000000000000e+00 8.994197896345437204e-01 4.986242252823616106e-01 -8.668182519776361783e-01 0.000000000000000000e+00 6.397470773739825922e-02 0.000000000000000000e+00 0.000000000000000000e+00 1.000000000000000000e+00 0.000000000000000000e+00
9.250661141973612889e-01 3.798061141737906210e-01 0.000000000000000000e+00 1.093450431868157047e+00 -3.798061141737906210e-01 9.250661141973612889e-01 0.000000000000000000e+00 4.954567062808709621e-01 0.000000000000000000e+00 0.000000000000000000e+00 1.000000000000000000e+00 0.000000000000000000e+00
9.546904366217142668e-01 2.976006892180200758e-01 0.000000000000000000e+00 1.163847608392990951e+00 -2.976006892180200758e-01 9.546904366217142668e-01 0.000000000000000000e+00 8.816853811927929385e-01 0.000000000000000000e+00 0.000000000000000000e+00 1.000000000000000000e+00 0.000000000000000000e+00
9.722251947307125608e-01 2.340473685620669542e-01 0.000000000000000000e+00 1.253901041676739325e+00 -2.340473685620669542e-01 9.722251947307125608e-01 0.000000000000000000e+00 1.334580215443411877e+00 0.000000000000000000e+00 0.000000000000000000e+00 1.000000000000000000e+00 0.000000000000000000e+00
9.954865261306082846e-01 9.490298358014701008e-02 0.000000000000000000e+00 1.314399899515389381e+00 -9.490298358014701008e-02 9.954865261306082846e-01 0.000000000000000000e+00 1.916995241274617179e+00 0.000000000000000000e+00 0.000000000000000000e+00 1.000000000000000000e+00 0.000000000000000000e+00
9.862988650416101288e-01 -1.649683267104072038e-01 0.000000000000000000e+00 1.223694555216488400e+00 1.649683267104072038e-01 9.862988650416101288e-01 0.000000000000000000e+00 2.161632765871479123e+00 0.000000000000000000e+00 0.000000000000000000e+00 1.000000000000000000e+00 0.000000000000000000e+00
9.487171174370049309e-01 -3.161262897672702521e-01 0.000000000000000000e+00 1.093897515239784957e+00 3.161262897672702521e-01 9.487171174370049309e-01 0.000000000000000000e+00 2.511730765816131417e+00 0.000000000000000000e+00 0.000000000000000000e+00 1.000000000000000000e+00 0.000000000000000000e+00
8.666219002363255708e-01 -4.989654116577422194e-01 0.000000000000000000e+00 7.156060279144762504e-01 4.989654116577422194e-01 8.666219002363255708e-01 0.000000000000000000e+00 2.955766243349107203e+00 0.000000000000000000e+00 0.000000000000000000e+00 1.000000000000000000e+00 0.000000000000000000e+00
8.259854517354020542e-01 -5.636914346710120149e-01 0.000000000000000000e+00 4.110658243775736631e-01 5.636914346710120149e-01 8.259854517354020542e-01 0.000000000000000000e+00 3.468873605243435687e+00 0.000000000000000000e+00 0.000000000000000000e+00 1.000000000000000000e+00 0.000000000000000000e+00
7.621211345880640753e-01 -6.474344570797896381e-01 0.000000000000000000e+00 3.113773890080036022e-01 6.474344570797896381e-01 7.621211345880640753e-01 0.000000000000000000e+00 3.707841525807297867e+00 0.000000000000000000e+00 0.000000000000000000e+00 1.000000000000000000e+00 0.000000000000000000e+00
-6.782131210820959710e-01 7.348652681900827988e-01 0.000000000000000000e+00 -1.663925468583619671e-01 -7.348652681900827988e-01 -6.782131210820959710e-01 0.000000000000000000e+00 3.969355892173574762e+00 0.000000000000000000e+00 0.000000000000000000e+00 1.000000000000000000e+00 0.000000000000000000e+00
